{
  "feature_names": [
    "bos_mean_late",
    "bos_std_late",
    "margin_bos",
    "gap_EL",
    "cos_L24",
    "cos_L25",
    "cos_L26",
    "cos_L27",
    "cos_L28",
    "cos_L29",
    "cos_L30",
    "cos_L31",
    "consec_diff_mean",
    "consec_diff_std",
    "cosine_trend_slope",
    "early_block_coherence",
    "middle_block_coherence",
    "late_block_coherence",
    "early_mid_correlation",
    "mid_late_correlation",
    "early_late_correlation",
    "distance_1_correlation",
    "distance_2_correlation",
    "distance_3_correlation",
    "autocorr_lag_1",
    "autocorr_lag_2",
    "dominant_freq_ratio",
    "low_high_freq_ratio",
    "cosine_variance",
    "cosine_range",
    "first_last_diff",
    "cosine_median",
    "cosine_iqr",
    "num_peaks",
    "num_valleys",
    "avg_gradient_mag",
    "gradient_variance",
    "avg_curvature"
  ],
  "class_stats": {
    "mu1": [
      0.12215209680733657,
      0.05014790572728309,
      3.5041022796817627,
      0.7685951783870104,
      0.15473287706713634,
      0.15006224878560956,
      0.15380060541440108,
      0.129382683495413,
      0.11342136687718815,
      0.11408569008075475,
      0.09184375532983713,
      0.06988754740835257,
      -0.01212076137982625,
      0.031648338686686935,
      -0.012144236160827535,
      0.10918169689355217,
      0.1859155035396805,
      0.4871225817574446,
      0.18910648714810283,
      -0.07160342717258263,
      -0.2998776009791922,
      0.662350898418233,
      0.37415182581950746,
      0.32356151162855984,
      0.662350898418233,
      0.37415182581950746,
      0.23264640835282652,
      0.8432514056242145,
      0.0030671743307166517,
      0.15702223354629086,
      0.13336765467026243,
      0.12533297894050616,
      0.05745239631527057,
      1.3225214198286415,
      1.2900856793145654,
      0.027154423624751324,
      0.0009107878029789311,
      0.015931509643783988
    ],
    "mu0": [
      0.10136968130509316,
      0.0462918000579916,
      3.4262833468067906,
      0.7484348947807195,
      0.12831293823454973,
      0.12701912738665902,
      0.1260360204701281,
      0.10316396641365057,
      0.08777753696773162,
      0.08774385162197783,
      0.07657616655963413,
      0.07432784278641426,
      -0.007712156492590775,
      0.029359278524533544,
      -0.009052064384076708,
      0.11067434048329962,
      0.2202724809439042,
      0.4766681340081458,
      0.012934518997574777,
      -0.03395311236863379,
      -0.16572352465642684,
      0.6574110580019075,
      0.3890572567256432,
      0.2426904555768745,
      0.6574110580019075,
      0.3890572567256432,
      0.24276987624682353,
      0.8518513110179866,
      0.002636905161053539,
      0.14410095139675402,
      0.11752379538074269,
      0.10136710554240881,
      0.05513810928347811,
      1.1924009700889249,
      1.2029102667744542,
      0.025113562090366044,
      0.000802128755751703,
      0.0152463804382346
    ],
    "Sigma1": [
      [
        0.006645885670000509,
        -4.8349131780985186e-05,
        -0.016668149957686295,
        -0.0016361214172525697,
        0.0062113975150739145,
        0.005976892894545238,
        0.006413382017565624,
        0.006725915934268938,
        0.006981397030293115,
        0.007050761957553084,
        0.006669130284013806,
        0.007138207726690343,
        0.00013240145880234703,
        4.8968557771877116e-05,
        0.00014424380172195752,
        -0.007085794753027052,
        -0.013156136801456792,
        -0.016496381988297407,
        0.008806670250852302,
        -0.0036215132703104167,
        -0.0078007882260465195,
        -0.0003865802571407815,
        -0.002005093699661224,
        -0.001115544298223549,
        -0.0003865802571407815,
        -0.002005093699661224,
        -0.00023183836056956934,
        1.2441904598188861e-05,
        -1.2396190869507065e-05,
        -0.00012771610733957475,
        -0.00010646773598804356,
        0.006753155932986734,
        -0.0002953530589900803,
        0.0055468919358397616,
        0.010911242134351034,
        -1.1032034159759753e-05,
        4.1165663018920183e-07,
        -3.0743301896168573e-06
      ],
      [
        -4.8349131780985186e-05,
        0.0005527001316587532,
        0.006257457476487871,
        0.000372485995754886,
        0.0005254353114738526,
        0.0004648504181534074,
        0.00032185861493934294,
        0.00011318987347543898,
        -2.8814537320554518e-05,
        -0.00015143698684865397,
        -0.0004745495248051682,
        -0.0011573262233155468,
        -0.00024039450496991417,
        0.00013968252955817254,
        -0.00021474073421998388,
        -0.0004934039349922698,
        0.0005633495856267667,
        0.0036381833066814985,
        0.0020406379656624295,
        0.0031779873740433503,
        -3.6117310482077934e-05,
        0.004864907030014612,
        0.006663830189996077,
        0.008225270665858112,
        0.004864907030014612,
        0.006663830189996077,
        -0.00031431445745138683,
        -0.00013348786414540668,
        6.49242178912381e-05,
        0.001762412727231773,
        0.0019834598556904646,
        2.093910090273848e-05,
        0.0005786814960285719,
        -0.004694674094897479,
        -0.00725812785615914,
        0.00023512442300200768,
        1.1341007343378591e-05,
        6.344392636950557e-05
      ],
      [
        -0.016668149957686295,
        0.006257457476487871,
        1.9485026043374594,
        -0.0003649218126258444,
        -0.014236802984904812,
        -0.017503989537964035,
        -0.006574809476270311,
        -0.005876112540347222,
        -0.006544726794568382,
        -0.004959459183699069,
        -0.021348010569368938,
        -0.05630128857436761,
        -0.006009212227066118,
        0.001762408502567094,
        -0.0036844531864258516,
        0.04911167795607603,
        0.029907332062123402,
        0.09987007592873123,
        0.14208773458563095,
        -0.04065831798973288,
        0.10489367240910207,
        0.02790184952408322,
        0.06918510489629971,
        0.2043127689139406,
        0.02790184952408322,
        0.06918510489629971,
        -0.022965264639533908,
        -0.016587855597666634,
        0.000849868885225068,
        0.02390114430293394,
        0.033543634973539835,
        -0.011038375912424655,
        0.0012572416094978533,
        0.12464251292572637,
        -0.012084227231570993,
        0.002954108373651562,
        9.840863793470068e-05,
        0.0003450032100918754
      ],
      [
        -0.0016361214172525697,
        0.000372485995754886,
        -0.0003649218126258444,
        0.016118681367104565,
        -0.002739575910041676,
        -0.0018084454389054466,
        -0.002066588433047896,
        -0.001827709007005277,
        -0.0015244820195104976,
        -0.0025056586445591127,
        -0.0010131964350096627,
        0.0003966845500590124,
        0.0004480372085858126,
        4.229950235149435e-06,
        0.00029662005468029576,
        0.004570796850526966,
        0.003774247357219944,
        0.0036027274397303095,
        -0.02815081160805952,
        0.03051958216053596,
        0.012238766067213773,
        0.003867898311208401,
        0.008269061403343434,
        0.0045262944489206204,
        0.003867898311208401,
        0.008269061403343434,
        -0.00016298061004607403,
        0.000165916356890789,
        4.831668171977169e-05,
        0.0011631906568161728,
        0.001363669976393735,
        -0.0018282659860060385,
        0.0003461284560103474,
        -0.01205115849507317,
        -0.02161917011011508,
        0.00014110387016505975,
        1.2751213992868976e-05,
        4.522408040053345e-05
      ],
      [
        0.0062113975150739145,
        0.0005254353114738526,
        -0.014236802984904812,
        -0.002739575910041676,
        0.008126600818641016,
        0.007490650010936056,
        0.007079020736649791,
        0.006642688360845144,
        0.0062649290854084,
        0.006071756645294641,
        0.004738440473308832,
        0.003277093989507442,
        -0.0006927866898762253,
        2.609794412846337e-05,
        -0.000608418417161587,
        -0.009520083053864849,
        -0.01131720723402169,
        -0.010929667999491884,
        0.018017568096062298,
        -0.0005519426825201013,
        -0.011488279920381029,
        0.006412196655067989,
        0.010248820858591415,
        0.012353037319288631,
        0.006412196655067989,
        0.010248820858591415,
        -7.358302310686006e-05,
        0.00014061527312670885,
        5.4029322528582435e-05,
        0.0015170008110723587,
        0.0018625095496416946,
        0.00646830475273849,
        0.0007332160465824555,
        -0.001122212773204871,
        0.0015175210062258844,
        0.00015527545050678655,
        -1.6995082130803968e-06,
        -1.4965859705300277e-05
      ],
      [
        0.005976892894545238,
        0.0004648504181534074,
        -0.017503989537964035,
        -0.0018084454389054466,
        0.007490650010936056,
        0.00725516210008059,
        0.0067849566556329975,
        0.006423433634053709,
        0.0060588064541726,
        0.00572920034928543,
        0.004587381741569354,
        0.003485552210631181,
        -0.0005721568286149821,
        9.155698979735084e-06,
        -0.0005346009820668342,
        -0.008894754162868999,
        -0.010935804449828015,
        -0.011103183627276622,
        0.007782965980694835,
        0.00441275366648615,
        -0.008849533180636578,
        0.00583986523290625,
        0.009043195043796767,
        0.010165688008824576,
        0.00583986523290625,
        0.009043195043796767,
        0.00020405611436202198,
        0.00030376971669624273,
        4.7692105169477765e-05,
        0.0012879385175589436,
        0.001505321331366511,
        0.006213145121510282,
        0.0007179074474042962,
        -0.000947997502025265,
        -0.0041780599138370655,
        0.00012957223098600536,
        -1.2376437829056923e-06,
        -1.1884928533449345e-05
      ],
      [
        0.006413382017565624,
        0.00032185861493934294,
        -0.006574809476270311,
        -0.002066588433047896,
        0.007079020736649791,
        0.0067849566556329975,
        0.007174775378441538,
        0.006913223094590871,
        0.006847933171515809,
        0.006754918803445011,
        0.005518123982341653,
        0.004234104317907326,
        -0.0004064166312489235,
        0.00010252643617073228,
        -0.0003282552136395066,
        -0.00797589839524815,
        -0.011909720575579257,
        -0.012692847929312561,
        0.011452432096618913,
        -0.0017854658058547924,
        -0.009753609418854187,
        0.003024473271796847,
        0.003938489435140376,
        0.008078350099626637,
        0.003024473271796847,
        0.003938489435140376,
        -0.00038063890294563816,
        -0.00022259909297743988,
        3.131246108129653e-05,
        0.0010153256659117971,
        0.0012304851356271268,
        0.0067369385483450825,
        0.00022979410778293065,
        0.007631901562132543,
        0.004937099755032415,
        0.00011685802941918237,
        1.977218021629158e-06,
        1.527264171953915e-05
      ],
      [
        0.006725915934268938,
        0.00011318987347543898,
        -0.005876112540347222,
        -0.001827709007005277,
        0.006642688360845144,
        0.006423433634053709,
        0.006913223094590871,
        0.007338534426225865,
        0.007383963798509396,
        0.007277476541034197,
        0.006211386688702227,
        0.005616620930190102,
        -0.00014658106152214836,
        4.492944134356237e-05,
        -8.457758368725136e-05,
        -0.0075690331568361606,
        -0.014237755225773493,
        -0.01495377262595735,
        0.008226603238639073,
        0.0010088051320463656,
        -0.007701140289777214,
        0.0016903905292523112,
        0.0008129991769247329,
        0.003841681256721152,
        0.0016903905292523112,
        0.0008129991769247329,
        -0.0002812506044364205,
        7.71659369817601e-05,
        6.740961383913567e-06,
        0.0003675448243150116,
        0.000493580408393422,
        0.007071061302078992,
        -0.00010793267890546304,
        0.006935986689316439,
        0.006046299695243271,
        3.265912167827426e-05,
        1.2191976529799023e-07,
        -1.7105691953113148e-05
      ],
      [
        0.006981397030293115,
        -2.8814537320554518e-05,
        -0.006544726794568382,
        -0.0015244820195104976,
        0.0062649290854084,
        0.0060588064541726,
        0.006847933171515809,
        0.007383963798509396,
        0.007800256857754935,
        0.007809900778499254,
        0.007021804428485914,
        0.006663581667998617,
        5.6950368941460175e-05,
        8.667660610633845e-05,
        0.00012985421226064316,
        -0.007045636172290375,
        -0.014480254409474294,
        -0.016436937706111748,
        0.008512146099382657,
        -0.0013310878530749413,
        -0.007982682763990813,
        -0.0003998784220453547,
        -0.002886934425845846,
        0.0003273107236955803,
        -0.0003998784220453547,
        -0.002886934425845846,
        -0.0005930180019174484,
        -0.0002936508764888762,
        -8.696964584906504e-06,
        2.4148906722232033e-05,
        0.0001208802117815804,
        0.007288997538381466,
        -0.00047187125113349536,
        0.010171823668867222,
        0.010626860304838153,
        1.0391029695696383e-05,
        3.2228080290858426e-06,
        6.969396761541626e-07
      ],
      [
        0.007050761957553084,
        -0.00015143698684865397,
        -0.004959459183699069,
        -0.0025056586445591127,
        0.006071756645294641,
        0.00572920034928543,
        0.006754918803445011,
        0.007277476541034197,
        0.007809900778499254,
        0.00823770673670086,
        0.00743665743732341,
        0.007088478368841882,
        0.00014524596050674872,
        0.0001222859222874428,
        0.00024565625645539535,
        -0.006659990378119053,
        -0.014505165802781222,
        -0.017133367356553835,
        0.01315497991126557,
        -0.012079470740008341,
        -0.010196897752614916,
        -0.002315752201125721,
        -0.006259160926294353,
        -0.0010323118333997886,
        -0.002315752201125721,
        -0.006259160926294353,
        -0.0009147172576911309,
        -0.00042184123072500643,
        -2.324264244977337e-05,
        -0.00027692307302934954,
        -0.0001807204283395117,
        0.007321601286453929,
        -0.000735946725695006,
        0.01487116995971133,
        0.018396246578999294,
        -1.5250979231868184e-05,
        2.9901550879657933e-06,
        7.280745026754743e-06
      ],
      [
        0.006669130284013806,
        -0.0004745495248051682,
        -0.021348010569368938,
        -0.0010131964350096627,
        0.004738440473308832,
        0.004587381741569354,
        0.005518123982341653,
        0.006211386688702227,
        0.007021804428485914,
        0.00743665743732341,
        0.008097764031365154,
        0.009741483489013929,
        0.000714720430815014,
        7.091632859589847e-05,
        0.0007040384602814716,
        -0.005011116984409662,
        -0.013039188607554727,
        -0.019928369534159125,
        0.007435182409689201,
        -0.009895286199214336,
        -0.0069013096151905266,
        -0.005397225471262241,
        -0.011063675276254301,
        -0.011384275716231835,
        -0.005397225471262241,
        -0.011063675276254301,
        -0.0005023770098572192,
        -0.00038320642877065676,
        -6.115554263075709e-05,
        -0.0013057272555277056,
        -0.0014575702625439105,
        0.00657233453907803,
        -0.0010638335516315945,
        0.0093234795412894,
        0.019780535270411518,
        -0.00012063348931145748,
        2.35990062537806e-06,
        1.3582400116088909e-05
      ],
      [
        0.007138207726690343,
        -0.0011573262233155468,
        -0.05630128857436761,
        0.0003966845500590124,
        0.003277093989507442,
        0.003485552210631181,
        0.004234104317907326,
        0.005616620930190102,
        0.006663581667998617,
        0.007088478368841882,
        0.009741483489013929,
        0.016998746839432272,
        0.0019602361214178334,
        -7.083991543715573e-05,
        0.001630253681333329,
        -0.004009845720579148,
        -0.014823998106641655,
        -0.028792909127516163,
        -0.004128515825534148,
        -0.008750411680343323,
        0.0004671471330731177,
        -0.011946711651716319,
        -0.01987448348334857,
        -0.031273834244313334,
        -0.011946711651716319,
        -0.01987448348334857,
        0.0006868218010361414,
        0.0008992819389427781,
        -0.00014584922745388985,
        -0.003651037255739886,
        -0.00442622783383126,
        0.00635286437530759,
        -0.001664157866324766,
        -0.002489015659368714,
        0.030163434377894795,
        -0.00039712766702069724,
        -4.441596491857149e-06,
        -1.7470887863609043e-05
      ],
      [
        0.00013240145880234703,
        -0.00024039450496991417,
        -0.006009212227066118,
        0.0004480372085858126,
        -0.0006927866898762253,
        -0.0005721568286149821,
        -0.0004064166312489235,
        -0.00014658106152214836,
        5.6950368941460175e-05,
        0.00014524596050674872,
        0.000714720430815014,
        0.0019602361214178334,
        0.00037900325875629367,
        -1.3848265652231333e-05,
        0.000319810299784988,
        0.0007871767618979579,
        -0.000500970124659995,
        -0.0025518915897177535,
        -0.003163726274513777,
        -0.0011712098568318883,
        0.0017079181504934492,
        -0.002622701186683473,
        -0.0043033291917057145,
        -0.006232410223371708,
        -0.002622701186683473,
        -0.0043033291917057145,
        0.0001086292605918573,
        0.00010838095225943845,
        -2.855407856892461e-05,
        -0.0007382911524017491,
        -0.0008983910547818509,
        -1.6491482490128663e-05,
        -0.00034248198755817445,
        -0.00019525755516626333,
        0.004092273338809844,
        -7.891473107535482e-05,
        -3.917268969681079e-07,
        -3.5786116547268075e-07
      ],
      [
        4.8968557771877116e-05,
        0.00013968252955817254,
        0.001762408502567094,
        4.229950235149435e-06,
        2.609794412846337e-05,
        9.155698979735084e-06,
        0.00010252643617073228,
        4.492944134356237e-05,
        8.667660610633845e-05,
        0.0001222859222874428,
        7.091632859589847e-05,
        -7.083991543715573e-05,
        -1.3848265652231333e-05,
        0.0001399384070259544,
        -3.1992410210191585e-06,
        -2.9321307310592064e-06,
        0.0001498698007843177,
        0.0013036513422651859,
        0.00022915440944741995,
        -0.0016208188621890844,
        -0.0013539335626506898,
        -0.0001738991092475347,
        -0.0009990999263790365,
        -0.00027928245787266155,
        -0.0001738991092475347,
        -0.0009990999263790365,
        -0.0002289640761942107,
        -0.0002714674607446013,
        1.6268806124391896e-05,
        0.0005111137749413283,
        0.0004641532502468742,
        7.784669713370118e-05,
        1.1370355514291869e-05,
        0.0014523113534155225,
        0.0014332998952993157,
        0.00010169513564928601,
        9.628723593374648e-06,
        6.746523986521733e-05
      ],
      [
        0.00014424380172195752,
        -0.00021474073421998388,
        -0.0036844531864258516,
        0.00029662005468029576,
        -0.000608418417161587,
        -0.0005346009820668342,
        -0.0003282552136395066,
        -8.457758368725136e-05,
        0.00012985421226064316,
        0.00024565625645539535,
        0.0007040384602814716,
        0.001630253681333329,
        0.000319810299784988,
        -3.1992410210191585e-06,
        0.00028333414413617304,
        0.0007435829554908289,
        -0.0005130153781223812,
        -0.0021901588189578653,
        -0.0018020037976371381,
        -0.0019303736916767495,
        0.001093067853879922,
        -0.002414389964742832,
        -0.004115361508106071,
        -0.005285527094078577,
        -0.002414389964742832,
        -0.004115361508106071,
        -1.4682656406274078e-06,
        1.0800508412674416e-05,
        -2.526775387429178e-05,
        -0.0006352944936611326,
        -0.0007552611493139825,
        3.523558210061286e-05,
        -0.00034466051735942646,
        0.0007945643712584947,
        0.0043484806024335805,
        -6.591006597756461e-05,
        5.872385181880054e-08,
        1.2336712820290949e-06
      ],
      [
        -0.007085794753027052,
        -0.0004934039349922698,
        0.04911167795607603,
        0.004570796850526966,
        -0.009520083053864849,
        -0.008894754162868999,
        -0.00797589839524815,
        -0.0075690331568361606,
        -0.007045636172290375,
        -0.006659990378119053,
        -0.005011116984409662,
        -0.004009845720579148,
        0.0007871767618979579,
        -2.9321307310592064e-06,
        0.0007435829554908289,
        0.03829472729717164,
        0.0171951635786095,
        0.009089965550226791,
        -0.009557353115839029,
        -0.004161041114584401,
        -0.0013314966342123,
        -0.009216866605377077,
        -0.01144032753883814,
        -0.010480686130395584,
        -0.009216866605377077,
        -0.01144032753883814,
        -0.0007656849267903053,
        -0.0011746695266620468,
        -5.1470470361964005e-05,
        -0.0010208671316935798,
        -0.001238843758937669,
        -0.0072971933819410435,
        -0.0009061660077674503,
        0.0042861305239117855,
        -0.0018830790099797728,
        -9.2536563204046e-06,
        -3.4370449199710784e-07,
        6.686635465204512e-05
      ],
      [
        -0.013156136801456792,
        0.0005633495856267667,
        0.029907332062123402,
        0.003774247357219944,
        -0.01131720723402169,
        -0.010935804449828015,
        -0.011909720575579257,
        -0.014237755225773493,
        -0.014480254409474294,
        -0.014505165802781222,
        -0.013039188607554727,
        -0.014823998106641655,
        -0.000500970124659995,
        0.0001498698007843177,
        -0.0005130153781223812,
        0.0171951635786095,
        0.058797980025706215,
        0.03261725097199154,
        -0.01626596082870866,
        0.011206331472216221,
        0.012537319031919266,
        0.0029512851754073715,
        0.00959419897619018,
        0.0027505628471496835,
        0.0029512851754073715,
        0.00959419897619018,
        0.0008506029965790225,
        -0.0018328785088568239,
        7.789710100328544e-05,
        0.0017014318980465128,
        0.001465207679382026,
        -0.013718341051306728,
        0.0015810586904537894,
        -0.016775261220973833,
        -0.02835187421486683,
        0.0002581797380928064,
        1.059372499720954e-05,
        0.00019175395585021562
      ],
      [
        -0.016496381988297407,
        0.0036381833066814985,
        0.09987007592873123,
        0.0036027274397303095,
        -0.010929667999491884,
        -0.011103183627276622,
        -0.012692847929312561,
        -0.01495377262595735,
        -0.016436937706111748,
        -0.017133367356553835,
        -0.019928369534159125,
        -0.028792909127516163,
        -0.0025518915897177535,
        0.0013036513422651859,
        -0.0021901588189578653,
        0.009089965550226791,
        0.03261725097199154,
        0.1214401719923716,
        0.005788828312310308,
        0.005668627675371707,
        0.0029698154014340936,
        0.025002564889066593,
        0.03251470335314191,
        0.045530104225281705,
        0.025002564889066593,
        0.03251470335314191,
        -0.0034193750131969068,
        -0.0034996354308598166,
        0.0004229245845502216,
        0.012180059654222572,
        0.01303008671136722,
        -0.015366528356688482,
        0.003217127218641423,
        -0.01857033119682829,
        -0.05584362230494633,
        0.001806649900498891,
        9.898812151387357e-05,
        0.0005594180836040031
      ],
      [
        0.008806670250852302,
        0.0020406379656624295,
        0.14208773458563095,
        -0.02815081160805952,
        0.018017568096062298,
        0.007782965980694835,
        0.011452432096618913,
        0.008226603238639073,
        0.008512146099382657,
        0.01315497991126557,
        0.007435182409689201,
        -0.004128515825534148,
        -0.003163726274513777,
        0.00022915440944741995,
        -0.0018020037976371381,
        -0.009557353115839029,
        -0.01626596082870866,
        0.005788828312310308,
        0.9617673579125741,
        -0.28651227250684225,
        -0.015516118369522063,
        0.024522941253631608,
        0.04753869474371235,
        0.08232951278677234,
        0.024522941253631608,
        0.04753869474371235,
        -0.01269900785015393,
        -0.010384395008947077,
        0.0002234739377758642,
        0.008407297485397135,
        0.015353005555340794,
        0.009801881376871659,
        -0.0007461309222728137,
        -0.023061309692008657,
        0.23169842320379616,
        0.0007945500600959071,
        -4.340955546982738e-05,
        -0.0005695455465300247
      ],
      [
        -0.0036215132703104167,
        0.0031779873740433503,
        -0.04065831798973288,
        0.03051958216053596,
        -0.0005519426825201013,
        0.00441275366648615,
        -0.0017854658058547924,
        0.0010088051320463656,
        -0.0013310878530749413,
        -0.012079470740008341,
        -0.009895286199214336,
        -0.008750411680343323,
        -0.0011712098568318883,
        -0.0016208188621890844,
        -0.0019303736916767495,
        -0.004161041114584401,
        0.011206331472216221,
        0.005668627675371707,
        -0.28651227250684225,
        0.9936450698229047,
        0.16589976771918807,
        0.05381068035459534,
        0.10151682181687192,
        0.019923874112765656,
        0.05381068035459534,
        0.10151682181687192,
        0.01649648050553533,
        0.0060383010864739455,
        0.0003796298958103468,
        0.0067399124715932105,
        0.003783818268313079,
        -0.0035367046051435003,
        0.009112714187607292,
        -0.25674525038582285,
        -0.3594978417147562,
        0.00045645730703615964,
        -1.4904055322956235e-05,
        -0.0003775908118354238
      ],
      [
        -0.0078007882260465195,
        -3.6117310482077934e-05,
        0.10489367240910207,
        0.012238766067213773,
        -0.011488279920381029,
        -0.008849533180636578,
        -0.009753609418854187,
        -0.007701140289777214,
        -0.007982682763990813,
        -0.010196897752614916,
        -0.0069013096151905266,
        0.0004671471330731177,
        0.0017079181504934492,
        -0.0013539335626506898,
        0.001093067853879922,
        -0.0013314966342123,
        0.012537319031919266,
        0.0029698154014340936,
        -0.015516118369522063,
        0.16589976771918807,
        0.9057317670056356,
        0.005527515734858233,
        0.016665133562516525,
        -0.019539386447277898,
        0.005527515734858233,
        0.016665133562516525,
        0.0043156656853631375,
        -0.0011011750475737557,
        3.4237350760496404e-05,
        -0.0011146930991910418,
        -0.0009657860163583566,
        -0.009094501074293446,
        0.0011069026548316495,
        -0.15552021082912773,
        -0.1462694532369033,
        -0.00041126896655791677,
        -5.654401617844937e-05,
        -0.0006187851408116659
      ],
      [
        -0.0003865802571407815,
        0.004864907030014612,
        0.02790184952408322,
        0.003867898311208401,
        0.006412196655067989,
        0.00583986523290625,
        0.003024473271796847,
        0.0016903905292523112,
        -0.0003998784220453547,
        -0.002315752201125721,
        -0.005397225471262241,
        -0.011946711651716319,
        -0.002622701186683473,
        -0.0001738991092475347,
        -0.002414389964742832,
        -0.009216866605377077,
        0.0029512851754073715,
        0.025002564889066593,
        0.024522941253631608,
        0.05381068035459534,
        0.005527515734858233,
        0.10135176913467511,
        0.11390001271523728,
        0.11483597324479554,
        0.10135176913467511,
        0.11390001271523728,
        0.0010278647677785257,
        0.00685855798671499,
        0.000499037757946487,
        0.014521804446104576,
        0.017745138113387793,
        0.0002443394399130289,
        0.006231093827883554,
        -0.08789021898119657,
        -0.1154745236996704,
        0.001376900576569677,
        1.3907817768454025e-05,
        -0.0002394164833635435
      ],
      [
        -0.002005093699661224,
        0.006663830189996077,
        0.06918510489629971,
        0.008269061403343434,
        0.010248820858591415,
        0.009043195043796767,
        0.003938489435140376,
        0.0008129991769247329,
        -0.002886934425845846,
        -0.006259160926294353,
        -0.011063675276254301,
        -0.01987448348334857,
        -0.0043033291917057145,
        -0.0009990999263790365,
        -0.004115361508106071,
        -0.01144032753883814,
        0.00959419897619018,
        0.03251470335314191,
        0.04753869474371235,
        0.10151682181687192,
        0.016665133562516525,
        0.11390001271523728,
        0.24231483676913704,
        0.2295100124046181,
        0.11390001271523728,
        0.24231483676913704,
        -0.000641481400609591,
        0.0014694841294067159,
        0.0007325544046118444,
        0.019758611789216864,
        0.026484887978330637,
        -0.001553940660503099,
        0.009834670445748322,
        -0.09788906152409418,
        -0.1281445627897228,
        0.0014291207529943792,
        -4.324352524945555e-05,
        -0.0005079126835639816
      ],
      [
        -0.001115544298223549,
        0.008225270665858112,
        0.2043127689139406,
        0.0045262944489206204,
        0.012353037319288631,
        0.010165688008824576,
        0.008078350099626637,
        0.003841681256721152,
        0.0003273107236955803,
        -0.0010323118333997886,
        -0.011384275716231835,
        -0.031273834244313334,
        -0.006232410223371708,
        -0.00027928245787266155,
        -0.005285527094078577,
        -0.010480686130395584,
        0.0027505628471496835,
        0.045530104225281705,
        0.08232951278677234,
        0.019923874112765656,
        -0.019539386447277898,
        0.11483597324479554,
        0.2295100124046181,
        0.37201589457011686,
        0.11483597324479554,
        0.2295100124046181,
        -0.013605294713540859,
        -0.0016208116973425934,
        0.0009056288781109587,
        0.026319002257276368,
        0.03750343644842085,
        0.000712386594544072,
        0.009262481422250047,
        -0.011765006356900039,
        -0.09968065538860918,
        0.0022013747011656367,
        -1.4072585220729222e-05,
        -0.0002907664678987337
      ],
      [
        -0.0003865802571407815,
        0.004864907030014612,
        0.02790184952408322,
        0.003867898311208401,
        0.006412196655067989,
        0.00583986523290625,
        0.003024473271796847,
        0.0016903905292523112,
        -0.0003998784220453547,
        -0.002315752201125721,
        -0.005397225471262241,
        -0.011946711651716319,
        -0.002622701186683473,
        -0.0001738991092475347,
        -0.002414389964742832,
        -0.009216866605377077,
        0.0029512851754073715,
        0.025002564889066593,
        0.024522941253631608,
        0.05381068035459534,
        0.005527515734858233,
        0.10135176913467511,
        0.11390001271523728,
        0.11483597324479554,
        0.10135176913467511,
        0.11390001271523728,
        0.0010278647677785257,
        0.00685855798671499,
        0.000499037757946487,
        0.014521804446104576,
        0.017745138113387793,
        0.0002443394399130289,
        0.006231093827883557,
        -0.08789021898119662,
        -0.11547452369967035,
        0.0013769005765696758,
        1.3907817768454025e-05,
        -0.0002394164833635435
      ],
      [
        -0.002005093699661224,
        0.006663830189996077,
        0.06918510489629971,
        0.008269061403343434,
        0.010248820858591415,
        0.009043195043796767,
        0.003938489435140376,
        0.0008129991769247329,
        -0.002886934425845846,
        -0.006259160926294353,
        -0.011063675276254301,
        -0.01987448348334857,
        -0.0043033291917057145,
        -0.0009990999263790365,
        -0.004115361508106071,
        -0.01144032753883814,
        0.00959419897619018,
        0.03251470335314191,
        0.04753869474371235,
        0.10151682181687192,
        0.016665133562516525,
        0.11390001271523728,
        0.24231483676913704,
        0.2295100124046181,
        0.11390001271523728,
        0.24231483676913704,
        -0.000641481400609591,
        0.0014694841294067159,
        0.0007325544046118444,
        0.019758611789216864,
        0.026484887978330637,
        -0.001553940660503099,
        0.009834670445748322,
        -0.09788906152409418,
        -0.1281445627897228,
        0.0014291207529943794,
        -4.3243525249455576e-05,
        -0.0005079126835639815
      ],
      [
        -0.00023183836056956934,
        -0.00031431445745138683,
        -0.022965264639533908,
        -0.00016298061004607403,
        -7.358302310686006e-05,
        0.00020405611436202198,
        -0.00038063890294563816,
        -0.0002812506044364205,
        -0.0005930180019174484,
        -0.0009147172576911309,
        -0.0005023770098572192,
        0.0006868218010361414,
        0.0001086292605918573,
        -0.0002289640761942107,
        -1.4682656406274078e-06,
        -0.0007656849267903053,
        0.0008506029965790225,
        -0.0034193750131969068,
        -0.01269900785015393,
        0.01649648050553533,
        0.0043156656853631375,
        0.0010278647677785257,
        -0.000641481400609591,
        -0.013605294713540859,
        0.0010278647677785257,
        -0.000641481400609591,
        0.0031773204024268882,
        0.0021662695646274396,
        -3.854214431111026e-05,
        -0.0014645847789978726,
        -0.0023754232276908763,
        -0.0003693697371865489,
        0.0003997801250981819,
        -0.0129541287733443,
        -0.011260417387095515,
        -0.0002110518506627731,
        -1.4400236617554903e-05,
        -9.398438702277219e-05
      ],
      [
        1.2441904598188861e-05,
        -0.00013348786414540668,
        -0.016587855597666634,
        0.000165916356890789,
        0.00014061527312670885,
        0.00030376971669624273,
        -0.00022259909297743988,
        7.71659369817601e-05,
        -0.0002936508764888762,
        -0.00042184123072500643,
        -0.00038320642877065676,
        0.0008992819389427781,
        0.00010838095225943845,
        -0.0002714674607446013,
        1.0800508412674416e-05,
        -0.0011746695266620468,
        -0.0018328785088568239,
        -0.0034996354308598166,
        -0.010384395008947077,
        0.0060383010864739455,
        -0.0011011750475737557,
        0.00685855798671499,
        0.0014694841294067159,
        -0.0016208116973425934,
        0.00685855798671499,
        0.0014694841294067159,
        0.0021662695646274396,
        0.005778161802573425,
        -2.1392723721556006e-05,
        -0.0008773734756192828,
        -0.0013970771677951678,
        -0.00011183525839101056,
        0.00042536388942264133,
        -0.015016100638300977,
        -0.009906960968240834,
        -0.00019153976616399475,
        -1.6736910338924736e-05,
        -0.00015685565286321058
      ],
      [
        -1.2396190869507065e-05,
        6.49242178912381e-05,
        0.000849868885225068,
        4.831668171977169e-05,
        5.4029322528582435e-05,
        4.7692105169477765e-05,
        3.131246108129653e-05,
        6.740961383913567e-06,
        -8.696964584906504e-06,
        -2.324264244977337e-05,
        -6.115554263075709e-05,
        -0.00014584922745388985,
        -2.855407856892461e-05,
        1.6268806124391896e-05,
        -2.526775387429178e-05,
        -5.1470470361964005e-05,
        7.789710100328544e-05,
        0.0004229245845502216,
        0.0002234739377758642,
        0.0003796298958103468,
        3.4237350760496404e-05,
        0.000499037757946487,
        0.0007325544046118444,
        0.0009056288781109587,
        0.000499037757946487,
        0.0007325544046118444,
        -3.854214431111026e-05,
        -2.1392723721556006e-05,
        8.177650194275425e-06,
        0.00020815186268522242,
        0.0002342835359932834,
        -3.8873762953506135e-06,
        6.804518558540909e-05,
        -0.0005295239660378349,
        -0.0008225732028399215,
        2.7913661600481365e-05,
        1.395772286929136e-06,
        7.52955378454819e-06
      ],
      [
        -0.00012771610733957475,
        0.001762412727231773,
        0.02390114430293394,
        0.0011631906568161728,
        0.0015170008110723587,
        0.0012879385175589436,
        0.0010153256659117971,
        0.0003675448243150116,
        2.4148906722232033e-05,
        -0.00027692307302934954,
        -0.0013057272555277056,
        -0.003651037255739886,
        -0.0007382911524017491,
        0.0005111137749413283,
        -0.0006352944936611326,
        -0.0010208671316935798,
        0.0017014318980465128,
        0.012180059654222572,
        0.008407297485397135,
        0.0067399124715932105,
        -0.0011146930991910418,
        0.014521804446104576,
        0.019758611789216864,
        0.026319002257276368,
        0.014521804446104576,
        0.019758611789216864,
        -0.0014645847789978726,
        -0.0008773734756192828,
        0.00020815186268522242,
        0.00578991971120748,
        0.00653193229947202,
        0.00012235978529339024,
        0.001627233211024062,
        -0.012214775349254166,
        -0.020186454417221583,
        0.0007909007131423247,
        4.037712522557494e-05,
        0.00023171291339614268
      ],
      [
        -0.00010646773598804356,
        0.0019834598556904646,
        0.033543634973539835,
        0.001363669976393735,
        0.0018625095496416946,
        0.001505321331366511,
        0.0012304851356271268,
        0.000493580408393422,
        0.0001208802117815804,
        -0.0001807204283395117,
        -0.0014575702625439105,
        -0.00442622783383126,
        -0.0008983910547818509,
        0.0004641532502468742,
        -0.0007552611493139825,
        -0.001238843758937669,
        0.001465207679382026,
        0.01303008671136722,
        0.015353005555340794,
        0.003783818268313079,
        -0.0009657860163583566,
        0.017745138113387793,
        0.026484887978330637,
        0.03750343644842085,
        0.017745138113387793,
        0.026484887978330637,
        -0.0023754232276908763,
        -0.0013970771677951678,
        0.0002342835359932834,
        0.00653193229947202,
        0.007976474436222274,
        0.00017718457615581004,
        0.0017814902804498313,
        -0.011183697739089971,
        -0.020496554785429374,
        0.0008344728100566234,
        3.778251047251679e-05,
        0.00020181089151134152
      ],
      [
        0.006753155932986734,
        2.093910090273848e-05,
        -0.011038375912424655,
        -0.0018282659860060385,
