{
  "feature_names": [
    "bos_mean_late",
    "bos_std_late",
    "entropy_bos",
    "margin_bos",
    "gap_EL",
    "cos_L24",
    "cos_L25",
    "cos_L26",
    "cos_L27",
    "cos_L28",
    "cos_L29",
    "cos_L30",
    "cos_L31"
  ],
  "class_stats": {
    "mu1": [
      0.12215209680733657,
      0.05014790572728309,
      NaN,
      3.5041022796817627,
      0.7685951783870104,
      0.15473287706713634,
      0.15006224878560956,
      0.15380060541440108,
      0.129382683495413,
      0.11342136687718815,
      0.11408569008075475,
      0.09184375532983713,
      0.06988754740835257
    ],
    "mu0": [
      0.10136968130509316,
      0.0462918000579916,
      NaN,
      3.4262833468067906,
      0.7484348947807195,
      0.12831293823454973,
      0.12701912738665902,
      0.1260360204701281,
      0.10316396641365057,
      0.08777753696773162,
      0.08774385162197783,
      0.07657616655963413,
      0.07432784278641426
    ],
    "Sigma1": [
      [
        0.006645885670000509,
        -4.8349131780985186e-05,
        NaN,
        -0.016668149957686295,
        -0.0016361214172525697,
        0.0062113975150739145,
        0.005976892894545238,
        0.006413382017565624,
        0.006725915934268938,
        0.006981397030293116,
        0.0070507619575530854,
        0.006669130284013807,
        0.007138207726690344
      ],
      [
        -4.8349131780985186e-05,
        0.0005527001316587532,
        NaN,
        0.006257457476487871,
        0.000372485995754886,
        0.0005254353114738526,
        0.0004648504181534074,
        0.00032185861493934294,
        0.00011318987347543891,
        -2.8814537320554524e-05,
        -0.00015143698684865397,
        -0.0004745495248051681,
        -0.0011573262233155466
      ],
      [
        NaN,
        NaN,
        NaN,
        NaN,
        NaN,
        NaN,
        NaN,
        NaN,
        NaN,
        NaN,
        NaN,
        NaN,
        NaN
      ],
      [
        -0.016668149957686295,
        0.006257457476487871,
        NaN,
        1.9485026043374594,
        -0.0003649218126258444,
        -0.014236802984904812,
        -0.017503989537964035,
        -0.006574809476270311,
        -0.00587611254034722,
        -0.0065447267945683806,
        -0.004959459183699067,
        -0.021348010569368938,
        -0.056301288574367635
      ],
      [
        -0.0016361214172525697,
        0.000372485995754886,
        NaN,
        -0.0003649218126258444,
        0.016118681367104565,
        -0.002739575910041676,
        -0.0018084454389054466,
        -0.002066588433047896,
        -0.0018277090070052773,
        -0.001524482019510499,
        -0.0025056586445591144,
        -0.0010131964350096638,
        0.0003966845500590128
      ],
      [
        0.0062113975150739145,
        0.0005254353114738526,
        NaN,
        -0.014236802984904812,
        -0.002739575910041676,
        0.008126600818641016,
        0.007490650010936056,
        0.007079020736649791,
        0.006642688360845141,
        0.006264929085408399,
        0.006071756645294638,
        0.0047384404733088305,
        0.0032770939895074417
      ],
      [
        0.005976892894545238,
        0.0004648504181534074,
        NaN,
        -0.017503989537964035,
        -0.0018084454389054466,
        0.007490650010936056,
        0.00725516210008059,
        0.0067849566556329975,
        0.006423433634053707,
        0.006058806454172597,
        0.005729200349285429,
        0.004587381741569353,
        0.0034855522106311807
      ],
      [
        0.006413382017565624,
        0.00032185861493934294,
        NaN,
        -0.006574809476270311,
        -0.002066588433047896,
        0.007079020736649791,
        0.0067849566556329975,
        0.007174775378441538,
        0.006913223094590868,
        0.006847933171515809,
        0.006754918803445014,
        0.005518123982341653,
        0.004234104317907329
      ],
      [
        0.006725915934268938,
        0.00011318987347543891,
        NaN,
        -0.00587611254034722,
        -0.0018277090070052773,
        0.006642688360845141,
        0.006423433634053707,
        0.006913223094590868,
        0.007338534426225864,
        0.007383963798509398,
        0.007277476541034197,
        0.006211386688702225,
        0.005616620930190103
      ],
      [
        0.006981397030293116,
        -2.8814537320554524e-05,
        NaN,
        -0.0065447267945683806,
        -0.001524482019510499,
        0.006264929085408399,
        0.006058806454172597,
        0.006847933171515809,
        0.007383963798509398,
        0.007800256857754937,
        0.007809900778499256,
        0.0070218044284859095,
        0.006663581667998617
      ],
      [
        0.0070507619575530854,
        -0.00015143698684865397,
        NaN,
        -0.004959459183699067,
        -0.0025056586445591144,
        0.006071756645294638,
        0.005729200349285429,
        0.006754918803445014,
        0.007277476541034197,
        0.007809900778499256,
        0.00823770673670086,
        0.007436657437323408,
        0.007088478368841879
      ],
      [
        0.006669130284013807,
        -0.0004745495248051681,
        NaN,
        -0.021348010569368938,
        -0.0010131964350096638,
        0.0047384404733088305,
        0.004587381741569353,
        0.005518123982341653,
        0.006211386688702225,
        0.0070218044284859095,
        0.007436657437323408,
        0.008097764031365152,
        0.009741483489013929
      ],
      [
        0.007138207726690344,
        -0.0011573262233155466,
        NaN,
        -0.056301288574367635,
        0.0003966845500590128,
        0.0032770939895074417,
        0.0034855522106311807,
        0.004234104317907329,
        0.005616620930190103,
        0.006663581667998617,
        0.007088478368841879,
        0.009741483489013929,
        0.016998746839432272
      ]
    ],
    "Sigma0": [
      [
        0.006456671663740213,
        -0.0002605930720198025,
        NaN,
        -0.021570305299085244,
        -0.0011305568968891962,
        0.005367876052633056,
        0.005405364825196915,
        0.006006931886524974,
        0.0064737874714639225,
        0.006821983954446235,
        0.006789990927959704,
        0.0066993721420340905,
        0.008088066049662824
      ],
      [
        -0.0002605930720198025,
        0.0004943740641147257,
        NaN,
        0.005952715775196069,
        0.0007250266752753232,
        7.510529140989552e-05,
        4.688738099635763e-05,
        -6.55156991107901e-05,
        -0.0001508292772941378,
        -0.00024493433169902977,
        -0.000362797436843488,
        -0.0005174645779999899,
        -0.0008651959256172372
      ],
      [
        NaN,
        NaN,
        NaN,
        NaN,
        NaN,
        NaN,
        NaN,
        NaN,
        NaN,
        NaN,
        NaN,
        NaN,
        NaN
      ],
      [
        -0.021570305299085244,
        0.005952715775196069,
        NaN,
        2.055725795939072,
        0.019228562796914872,
        -0.018489302624454123,
        -0.020784142064614677,
        -0.013657336672725432,
        -0.010851711418779992,
        -0.01267484582177105,
        -0.012502555074151787,
        -0.02800763846250059,
        -0.05559491025368427
      ],
      [
        -0.0011305568968891962,
        0.0007250266752753232,
        NaN,
        0.019228562796914872,
        0.017774109285777776,
        -0.0026210835512554017,
        -0.002425169728551403,
        -0.0020993601794382795,
        -0.0014471048910800251,
        -0.0008569219126572224,
        -0.0010931810259711561,
        0.0002269689925969332,
        0.0012713971212429862
      ],
      [
        0.005367876052633056,
        7.510529140989552e-05,
        NaN,
        -0.018489302624454123,
        -0.0026210835512554017,
        0.006439335170796907,
        0.006222883694862214,
        0.005962270694396722,
        0.005794875081248043,
        0.00551176195295127,
        0.005190460996077775,
        0.004182982424746885,
        0.0036384384059846187
      ],
      [
        0.005405364825196915,
        4.688738099635763e-05,
        NaN,
        -0.020784142064614677,
        -0.002425169728551403,
        0.006222883694862214,
        0.006341458109679867,
        0.006016977715683471,
        0.00587619353139251,
        0.005580264706643976,
        0.005168966181864563,
        0.00420353456904757,
        0.0038326400924011622
      ],
      [
        0.006006931886524974,
        -6.55156991107901e-05,
        NaN,
        -0.013657336672725432,
        -0.0020993601794382795,
        0.005962270694396722,
        0.006016977715683471,
        0.006545683959573746,
        0.006537256452756581,
        0.006489432367608259,
        0.006243746686317734,
        0.005261597175142426,
        0.00499849004072088
      ],
      [
        0.0064737874714639225,
        -0.0001508292772941378,
        NaN,
        -0.010851711418779992,
        -0.0014471048910800251,
        0.005794875081248043,
        0.00587619353139251,
        0.006537256452756581,
        0.007103927094273046,
        0.007188172754175876,
        0.0069081174060799415,
        0.006075047328096988,
        0.006306710123688391
      ],
      [
        0.006821983954446235,
        -0.00024493433169902977,
        NaN,
        -0.01267484582177105,
        -0.0008569219126572224,
        0.00551176195295127,
        0.005580264706643976,
        0.006489432367608259,
        0.007188172754175876,
        0.007655587587994128,
        0.007469936669757732,
        0.007006054503971885,
        0.007674661092466743
      ],
      [
        0.006789990927959704,
        -0.000362797436843488,
        NaN,
        -0.012502555074151787,
        -0.0010931810259711561,
        0.005190460996077775,
        0.005168966181864563,
        0.006243746686317734,
        0.0069081174060799415,
        0.007469936669757732,
        0.007678331749228598,
        0.007355980891704163,
        0.008304386842647123
      ],
      [
        0.0066993721420340905,
        -0.0005174645779999899,
        NaN,
        -0.02800763846250059,
        0.0002269689925969332,
        0.004182982424746885,
        0.00420353456904757,
        0.005261597175142426,
        0.006075047328096988,
        0.007006054503971885,
        0.007355980891704163,
        0.008423531818003668,
        0.011086248425559124
      ],
      [
        0.008088066049662824,
        -0.0008651959256172372,
        NaN,
        -0.05559491025368427,
        0.0012713971212429862,
        0.0036384384059846187,
        0.0038326400924011622,
        0.00499849004072088,
        0.006306710123688391,
        0.007674661092466743,
        0.008304386842647123,
        0.011086248425559124,
        0.018862953373834555
      ]
    ],
    "Sigma": [
      [
        0.00656436998100165,
        -0.00013978639568310377,
        NaN,
        -0.018780057940247848,
        -0.0014183180895533261,
        0.005847998237424245,
        0.005730671669827731,
        0.006238278371010641,
        0.006617295934259528,
        0.006912719943591567,
        0.006938418634939833,
        0.0066821588432724585,
        0.007547418213687202
      ],
      [
        -0.00013978639568310377,
        0.0005275725542853067,
        NaN,
        0.006126171055157559,
        0.0005243647966915401,
        0.0003314276764794117,
        0.00028478687199582167,
        0.00015497306172708626,
        -5.527791391295164e-07,
        -0.00012192156619883803,
        -0.00024249363243722662,
        -0.0004930378502665833,
        -0.0010314729476253721
      ],
      [
        NaN,
        NaN,
        NaN,
        NaN,
        NaN,
        NaN,
        NaN,
        NaN,
        NaN,
        NaN,
        NaN,
        NaN,
        NaN
      ],
      [
        -0.018780057940247848,
        0.006126171055157559,
        NaN,
        1.9946956558604962,
        0.008076189019508113,
        -0.016068831411005527,
        -0.018917119033586272,
        -0.009626048101163489,
        -0.00801966088950822,
        -0.009185656427758516,
        -0.008209116388508951,
        -0.0242170590447648,
        -0.05599697222568704
      ],
      [
        -0.0014183180895533261,
        0.0005243647966915401,
        NaN,
        0.008076189019508113,
        0.01683185979424994,
        -0.002688527964604299,
        -0.0020741377435420454,
        -0.002080706898903077,
        -0.0016637401372654338,
        -0.0012368890281997114,
        -0.0018971461535954627,
        -0.000478918126009401,
        0.0007735213356928195
      ],
      [
        0.005847998237424245,
        0.0003314276764794117,
        NaN,
        -0.016068831411005527,
        -0.002688527964604299,
        0.0073997063115879246,
        0.006944480904394659,
        0.006597911272646726,
        0.006277440116306273,
        0.005940455549083195,
        0.005692083789793752,
        0.004499142408470014,
        0.0034327655471114117
      ],
      [
        0.005730671669827731,
        0.00028478687199582167,
        NaN,
        -0.018917119033586272,
        -0.0020741377435420454,
        0.006944480904394659,
        0.006861527338095476,
        0.006454102012977851,
        0.006187675959989838,
        0.005852644864787664,
        0.0054878446745094825,
        0.004422015723710544,
        0.0036350818801563455
      ],
      [
        0.006238278371010641,
        0.00015497306172708626,
        NaN,
        -0.009626048101163489,
        -0.002080706898903077,
        0.006597911272646726,
        0.006454102012977851,
        0.006903755164527076,
        0.006751252104940404,
        0.0066934866766988925,
        0.006534699655041626,
        0.005407609122216786,
        0.004563410959035788
      ],
      [
        0.006617295934259528,
        -5.527791391295164e-07,
        NaN,
        -0.00801966088950822,
        -0.0016637401372654338,
        0.006277440116306273,
        0.006187675959989838,
        0.006751252104940404,
        0.007237462741912974,
        0.007299614641731345,
        0.0071183521454944755,
        0.006152650038403141,
        0.0059139197252977655
      ],
      [
        0.006912719943591567,
        -0.00012192156619883803,
        NaN,
        -0.009185656427758516,
        -0.0012368890281997114,
        0.005940455549083195,
        0.005852644864787664,
        0.0066934866766988925,
        0.007299614641731345,
        0.007737931581552651,
        0.00766344011680371,
        0.007015019169964008,
        0.007099166948111061
      ],
      [
        0.006938418634939833,
        -0.00024249363243722662,
        NaN,
        -0.008209116388508951,
        -0.0018971461535954627,
        0.005692083789793752,
        0.0054878446745094825,
        0.006534699655041626,
        0.0071183521454944755,
        0.00766344011680371,
        0.007996721207068335,
        0.007401901002891415,
        0.007612306487915871
      ],
      [
        0.0066821588432724585,
        -0.0004930378502665833,
        NaN,
        -0.0242170590447648,
        -0.000478918126009401,
        0.004499142408470014,
        0.004422015723710544,
        0.005407609122216786,
        0.006152650038403141,
        0.007015019169964008,
        0.007401901002891415,
        0.008238108745302135,
        0.010320824535221618
      ],
      [
        0.007547418213687202,
        -0.0010314729476253721,
        NaN,
        -0.05599697222568704,
        0.0007735213356928195,
        0.0034327655471114117,
        0.0036350818801563455,
        0.004563410959035788,
        0.0059139197252977655,
        0.007099166948111061,
        0.007612306487915871,
        0.010320824535221618,
        0.01780186962664776
      ]
    ],
    "R1": [
      [
        1.0,
        -0.025227107788837903,
        0.0,
        -0.14647397609246493,
        -0.1580790588756884,
        0.8451979349705886,
        0.8607469260190392,
        0.9287664572260768,
        0.9630976740549975,
        0.9696420744997211,
        0.9529200310766078,
        0.9090969695840065,
        0.6715901164480197
      ],
      [
        -0.025227107788837903,
        1.0,
        0.0,
        0.1906788955128584,
        0.12479592665847627,
        0.24792482082710346,
        0.23213727488218872,
        0.1616278513239103,
        0.056202822001233235,
        -0.013877537655689795,
        -0.07097150459401745,
        -0.22431287420864665,
        -0.37757441368421346
      ],
      [
        0.0,
        0.0,
        0.0,
        0.0,
        0.0,
        0.0,
        0.0,
        0.0,
        0.0,
        0.0,
        0.0,
        0.0,
        0.0
      ],
      [
        -0.14647397609246493,
        0.1906788955128584,
        0.0,
        1.0,
        -0.0020591338261344155,
        -0.11313774439048273,
        -0.14721870381612293,
        -0.05560687926794579,
        -0.04913997617988734,
        -0.053086803322265584,
        -0.039145393366994366,
        -0.16995124687646068,
        -0.3093566003141894
      ],
      [
        -0.1580790588756884,
        0.12479592665847627,
        0.0,
        -0.0020591338261344155,
        0.9999999999999997,
        -0.2393669134381384,
        -0.16723111882158836,
        -0.19216977629073004,
        -0.16804965645074116,
        -0.13595747783205842,
        -0.2174472834718478,
        -0.08868421767278745,
        0.023964704480874396
      ],
      [
        0.8451979349705886,
        0.24792482082710346,
        0.0,
        -0.11313774439048273,
        -0.2393669134381384,
        0.9999999999999999,
        0.9755319145348551,
        0.9270743518065331,
        0.8601709006683768,
        0.7868777109153537,
        0.7420902566836115,
        0.5841150641828241,
        0.27882132110989355
      ],
      [
        0.8607469260190392,
        0.23213727488218872,
        0.0,
        -0.14721870381612293,
        -0.16723111882158836,
        0.9755319145348551,
        1.0,
        0.9404145999710852,
        0.8803168472857599,
        0.8053952562231782,
        0.7410837426623149,
        0.5984925696346541,
        0.31386260816355344
      ],
      [
        0.9287664572260768,
        0.1616278513239103,
        0.0,
        -0.05560687926794579,
        -0.19216977629073004,
        0.9270743518065331,
        0.9404145999710852,
        0.9999999999999999,
        0.9527341876171317,
        0.9153789198596406,
        0.8786437314621958,
        0.7239436129573252,
        0.38339720824922635
      ],
      [
        0.9630976740549975,
        0.056202822001233235,
        0.0,
        -0.04913997617988734,
        -0.16804965645074116,
        0.8601709006683768,
        0.8803168472857599,
        0.9527341876171317,
        1.0,
        0.9759564505118746,
        0.9359938231305148,
        0.8057519039596857,
        0.5028772549928464
      ],
      [
        0.9696420744997211,
        -0.013877537655689795,
        0.0,
        -0.053086803322265584,
        -0.13595747783205842,
        0.7868777109153537,
        0.8053952562231782,
        0.9153789198596406,
        0.9759564505118746,
        1.0,
        0.9742892280234561,
        0.8835105070668035,
        0.578688457112094
      ],
      [
        0.9529200310766078,
        -0.07097150459401745,
        0.0,
        -0.039145393366994366,
        -0.2174472834718478,
        0.7420902566836115,
        0.7410837426623149,
        0.8786437314621958,
        0.9359938231305148,
        0.9742892280234561,
        1.0,
        0.9105253771121484,
        0.5990201091151478
      ],
      [
        0.9090969695840065,
        -0.22431287420864665,
        0.0,
        -0.16995124687646068,
        -0.08868421767278745,
        0.5841150641828241,
        0.5984925696346541,
        0.7239436129573252,
        0.8057519039596857,
        0.8835105070668035,
        0.9105253771121484,
        1.0,
        0.8302981822000185
      ],
      [
        0.6715901164480197,
        -0.37757441368421346,
        0.0,
        -0.3093566003141894,
        0.023964704480874396,
        0.27882132110989355,
        0.31386260816355344,
        0.38339720824922635,
        0.5028772549928464,
        0.578688457112094,
        0.5990201091151478,
        0.8302981822000185,
        1.0
      ]
    ],
    "R0": [
      [
        0.9999999999999998,
        -0.14585814138677058,
        0.0,
        -0.18722737490875338,
        -0.10553442532645808,
        0.8324872919175236,
        0.8447459069421365,
        0.9239975932515457,
        0.9558832222086433,
        0.9703246800176607,
        0.9643427212647291,
        0.9084115378465528,
        0.7328844253099548
      ],
      [
        -0.14585814138677058,
        0.9999999999999999,
        0.0,
        0.186725965886144,
        0.24458635395300235,
        0.04209419229863034,
        0.0264809506266351,
        -0.03642000691896214,
        -0.08048381662534519,
        -0.12590197966826733,
        -0.18620997192916527,
        -0.25357455774702004,
        -0.28332296665999085
      ],
      [
        0.0,
        0.0,
        0.0,
        0.0,
        0.0,
        0.0,
        0.0,
        0.0,
        0.0,
        0.0,
        0.0,
        0.0,
        0.0
      ],
      [
        -0.18722737490875338,
        0.186725965886144,
        0.0,
        0.9999999999999999,
        0.10059359033801901,
        -0.16070057199191334,
        -0.18203501984918952,
        -0.1177350862632079,
        -0.08979794442920655,
        -0.10103476312798725,
        -0.0995136709944284,
        -0.21283683326671077,
        -0.2823238677381484
      ],
      [
        -0.10553442532645808,
        0.24458635395300235,
        0.0,
        0.10059359033801901,
        1.0,
        -0.24500019298945722,
        -0.22843026921977994,
        -0.19463256935092302,
        -0.12878249669221317,
        -0.07346120714598434,
        -0.0935760536633642,
        0.01854921335904756,
        0.06943564195577646
      ],
      [
        0.8324872919175236,
        0.04209419229863034,
        0.0,
        -0.16070057199191334,
        -0.24500019298945722,
        0.9999999999999998,
        0.9738153247969269,
        0.9183614768834656,
        0.8567898541654343,
        0.7850199111984334,
        0.738162503050902,
        0.5679608677604311,
        0.330133553198599
      ],
      [
        0.8447459069421365,
        0.0264809506266351,
        0.0,
        -0.18203501984918952,
        -0.22843026921977994,
        0.9738153247969269,
        1.0,
        0.9339127890700308,
        0.8754921954333189,
        0.8008864977932433,
        0.7407568746690945,
        0.5751391735519941,
        0.350427861818608
      ],
      [
        0.9239975932515457,
        -0.03642000691896214,
        0.0,
        -0.1177350862632079,
        -0.19463256935092302,
        0.9183614768834656,
        0.9339127890700308,
        0.9999999999999997,
        0.9586691636430317,
        0.9167268031912753,
        0.8807128289582626,
        0.7085866551460426,
        0.4498383413134422
      ],
      [
        0.9558832222086433,
        -0.08048381662534519,
        0.0,
        -0.08979794442920655,
        -0.12878249669221317,
        0.8567898541654343,
        0.8754921954333189,
        0.9586691636430317,
        0.9999999999999999,
        0.9747202603426744,
        0.9353561927736024,
        0.7853320242947626,
        0.5448146490295769
      ],
      [
        0.9703246800176607,
        -0.12590197966826733,
        0.0,
        -0.10103476312798725,
        -0.07346120714598434,
        0.7850199111984334,
        0.8008864977932433,
        0.9167268031912753,
        0.9747202603426744,
        1.0,
        0.974303401841075,
        0.8724431486695314,
        0.6386532050427832
      ],
      [
        0.9643427212647291,
        -0.18620997192916527,
        0.0,
        -0.0995136709944284,
        -0.0935760536633642,
        0.738162503050902,
        0.7407568746690945,
        0.8807128289582626,
        0.9353561927736024,
        0.974303401841075,
        1.0,
        0.9146607562252992,
        0.6900320928923271
      ],
      [
        0.9084115378465528,
        -0.25357455774702004,
        0.0,
        -0.21283683326671077,
        0.01854921335904756,
        0.5679608677604311,
        0.5751391735519941,
        0.7085866551460426,
        0.7853320242947626,
        0.8724431486695314,
        0.9146607562252992,
        1.0,
        0.8794935327680325
      ],
      [
        0.7328844253099548,
        -0.28332296665999085,
        0.0,
        -0.2823238677381484,
        0.06943564195577646,
        0.330133553198599,
        0.350427861818608,
        0.4498383413134422,
        0.5448146490295769,
        0.6386532050427832,
        0.6900320928923271,
        0.8794935327680325,
        1.0
      ]
    ],
    "R": [
      [
        1.0,
        -0.07511510599814726,
        0.0,
        -0.164120216617291,
        -0.13493079033564181,
        0.8390801864390929,
        0.8538834625826198,
        0.9266709197394283,
        0.9600433891302845,
        0.9699291115765007,
        0.9576526102741895,
        0.9086706686858608,
        0.6981826979377783
      ],
      [
        -0.07511510599814726,
        0.9999999999999999,
        0.0,
        0.18884683079355313,
        0.1759650340802483,
        0.16774146564782427,
        0.14968161807995736,
        0.08120306567412089,
        -0.0002828898579117339,
        -0.060343013260163704,
        -0.11806013195148182,
        -0.23649687350836213,
        -0.3365766139723305
      ],
      [
        0.0,
        0.0,
        0.0,
        0.0,
        0.0,
        0.0,
        0.0,
        0.0,
        0.0,
        0.0,
        0.0,
        0.0,
        0.0
      ],
      [
        -0.164120216617291,
        0.18884683079355313,
        0.0,
        1.0,
        0.044075992599804076,
        -0.1322631104157221,
        -0.16169860629155125,
        -0.0820289242303088,
        -0.06674588765812402,
        -0.07393659289785023,
        -0.06499831743948863,
        -0.18891625142581928,
        -0.29716209824329254
      ],
      [
        -0.13493079033564181,
        0.1759650340802483,
        0.0,
        0.044075992599804076,
        1.0,
        -0.24090247618426724,
        -0.193001703853239,
        -0.19301993459770114,
        -0.15073922254186153,
        -0.10838077245058654,
        -0.16352296740260175,
        -0.040670682626437596,
        0.04468620120327578
      ],
      [
        0.8390801864390929,
        0.16774146564782427,
        0.0,
        -0.1322631104157221,
        -0.24090247618426724,
        1.0,
        0.9745904409766236,
        0.9231165532095945,
        0.8577923451165342,
        0.7850549678739669,
        0.7399596957779134,
        0.5762470803228922,
        0.2990915153164068
      ],
      [
        0.8538834625826198,
        0.14968161807995736,
        0.0,
        -0.16169860629155125,
        -0.193001703853239,
        0.9745904409766236,
        1.0,
        0.937740635710154,
        0.8780595943733212,
        0.8032104136174323,
        0.7408587834421048,
        0.5881608638845002,
        0.3289053900634911
      ],
      [
        0.9266709197394283,
        0.08120306567412089,
        0.0,
        -0.0820289242303088,
        -0.19301993459770114,
        0.9231165532095945,
        0.937740635710154,
        1.0,
        0.9550991633475892,
        0.9157928954181,
        0.8794820161250838,
        0.717049011114473,
        0.41163669479086384
      ],
      [
        0.9600433891302845,
        -0.0002828898579117339,
        0.0,
        -0.06674588765812402,
        -0.15073922254186153,
        0.8577923451165342,
        0.8780595943733212,
        0.9550991633475892,
        1.0,
        0.9754259840271695,
        0.9356864075031786,
        0.7968109294639438,
        0.5210140640213642
      ],
      [
        0.9699291115765007,
        -0.060343013260163704,
        0.0,
        -0.07393659289785023,
        -0.10838077245058654,
        0.7850549678739669,
        0.8032104136174323,
        0.9157928954181,
        0.9754259840271695,
        1.0,
        0.9742162015675225,
        0.8786231850949576,
        0.6048701302348635
      ],
      [
        0.9576526102741895,
        -0.11806013195148182,
        0.0,
        -0.06499831743948863,
        -0.16352296740260175,
        0.7399596957779134,
        0.7408587834421048,
        0.8794820161250838,
        0.9356864075031786,
        0.9742162015675225,
        1.0,
        0.9119552637992444,
        0.6380099913329988
      ],
      [
        0.9086706686858608,
        -0.23649687350836213,
        0.0,
        -0.18891625142581928,
        -0.040670682626437596,
        0.5762470803228922,
        0.5881608638845002,
        0.717049011114473,
        0.7968109294639438,
        0.8786231850949576,
        0.9119552637992444,
        1.0,
        0.8522516022043194
      ],
      [
        0.6981826979377783,
        -0.3365766139723305,
        0.0,
        -0.29716209824329254,
        0.04468620120327578,
        0.2990915153164068,
        0.3289053900634911,
        0.41163669479086384,
        0.5210140640213642,
        0.6048701302348635,
        0.6380099913329988,
        0.8522516022043194,
        0.9999999999999998
      ]
    ],
    "counts": {
      "n1": 1634,
      "n0": 1237
    },
    "priors": {
      "pi1": 0.5691396725879484,
      "pi0": 0.43086032741205155
    }
  },
  "early_idx": [
    0,
    1,
    2,
    3,
    4,
    5,
    6,
    7
  ],
  "late_idx": [
    24,
    25,
    26,
    27,
    28,
    29,
    30,
    31
  ],
  "feature_vector_note": "x = [bos_mean_late, bos_std_late, entropy_bos, margin_bos, gap_EL, cos_L{last-K..last-1}]",
  "lda_equations": {
    "w": "w = Sigma^{-1} (mu1 - mu0)",
    "b": "b = -0.5 (mu1 + mu0)^T Sigma^{-1} (mu1 - mu0) + log(pi1/pi0)",
    "p_correct": "p = 1 / (1 + exp(-(w^T x + b)))"
  }
}